Statistical Analysis Report for Parameter: k
==================================================

FRIEDMAN TEST RESULTS
--------------------
Metric               Statistic       P-Value         Significant    
-----------------------------------------------------------------
E                    508.3975        0.0000          True           
ARI                  104.1604        0.0000          True           
F1 Score             348.2586        0.0000          True           
DBI                  60.5960         0.0000          True           
silhouette_score     79.8892         0.0000          True           
calinski_harabasz_score 441.2884        0.0000          True           
Time                 407.4442        0.0000          True           


POST-HOC TEST RESULTS
==============================

Metric: E
--------------------
Pivot Table of P-Values:
          2         3         4         5         6         7         8         9         10        11        12        13        14        15        16        17        18        19        20
2   1.000000  1.000000  1.000000  1.000000  1.000000  1.000000  0.999996  0.999987  0.999897  0.999062  0.997769  0.992765  0.971094  0.961037  0.910021  0.791410  0.758574  0.663496  0.563810
3   1.000000  1.000000  1.000000  1.000000  1.000000  1.000000  1.000000  0.999999  0.999989  0.999840  0.999545  0.998120  0.989954  0.985556  0.959746  0.885264  0.861934  0.788713  0.703403
4   1.000000  1.000000  1.000000  1.000000  1.000000  1.000000  1.000000  1.000000  0.999999  0.999981  0.999932  0.999624  0.997169  0.995614  0.984822  0.945229  0.931100  0.882679  0.819511
5   1.000000  1.000000  1.000000  1.000000  1.000000  1.000000  1.000000  1.000000  1.000000  0.999998  0.999992  0.999937  0.999304  0.998829  0.994880  0.976235  0.968663  0.940247  0.898694
6   1.000000  1.000000  1.000000  1.000000  1.000000  1.000000  1.000000  1.000000  1.000000  1.000000  0.999999  0.999988  0.999812  0.999658  0.998141  0.989148  0.985070  0.968483  0.941703
7   1.000000  1.000000  1.000000  1.000000  1.000000  1.000000  1.000000  1.000000  1.000000  1.000000  1.000000  0.999999  0.999972  0.999944  0.999578  0.996566  0.994980  0.987754  0.974381
8   0.999996  1.000000  1.000000  1.000000  1.000000  1.000000  1.000000  1.000000  1.000000  1.000000  1.000000  1.000000  0.999999  0.999998  0.999975  0.999620  0.999376  0.998007  0.994769
9   0.999987  0.999999  1.000000  1.000000  1.000000  1.000000  1.000000  1.000000  1.000000  1.000000  1.000000  1.000000  1.000000  1.000000  0.999992  0.999832  0.999712  0.998984  0.997103
10  0.999897  0.999989  0.999999  1.000000  1.000000  1.000000  1.000000  1.000000  1.000000  1.000000  1.000000  1.000000  1.000000  1.000000  0.999999  0.999976  0.999954  0.999793  0.999281
11  0.999062  0.999840  0.999981  0.999998  1.000000  1.000000  1.000000  1.000000  1.000000  1.000000  1.000000  1.000000  1.000000  1.000000  1.000000  0.999999  0.999998  0.999985  0.999927
12  0.997769  0.999545  0.999932  0.999992  0.999999  1.000000  1.000000  1.000000  1.000000  1.000000  1.000000  1.000000  1.000000  1.000000  1.000000  1.000000  1.000000  0.999996  0.999979
13  0.992765  0.998120  0.999624  0.999937  0.999988  0.999999  1.000000  1.000000  1.000000  1.000000  1.000000  1.000000  1.000000  1.000000  1.000000  1.000000  1.000000  1.000000  0.999998
14  0.971094  0.989954  0.997169  0.999304  0.999812  0.999972  0.999999  1.000000  1.000000  1.000000  1.000000  1.000000  1.000000  1.000000  1.000000  1.000000  1.000000  1.000000  1.000000
15  0.961037  0.985556  0.995614  0.998829  0.999658  0.999944  0.999998  1.000000  1.000000  1.000000  1.000000  1.000000  1.000000  1.000000  1.000000  1.000000  1.000000  1.000000  1.000000
16  0.910021  0.959746  0.984822  0.994880  0.998141  0.999578  0.999975  0.999992  0.999999  1.000000  1.000000  1.000000  1.000000  1.000000  1.000000  1.000000  1.000000  1.000000  1.000000
17  0.791410  0.885264  0.945229  0.976235  0.989148  0.996566  0.999620  0.999832  0.999976  0.999999  1.000000  1.000000  1.000000  1.000000  1.000000  1.000000  1.000000  1.000000  1.000000
18  0.758574  0.861934  0.931100  0.968663  0.985070  0.994980  0.999376  0.999712  0.999954  0.999998  1.000000  1.000000  1.000000  1.000000  1.000000  1.000000  1.000000  1.000000  1.000000
19  0.663496  0.788713  0.882679  0.940247  0.968483  0.987754  0.998007  0.998984  0.999793  0.999985  0.999996  1.000000  1.000000  1.000000  1.000000  1.000000  1.000000  1.000000  1.000000
20  0.563810  0.703403  0.819511  0.898694  0.941703  0.974381  0.994769  0.997103  0.999281  0.999927  0.999979  0.999998  1.000000  1.000000  1.000000  1.000000  1.000000  1.000000  1.000000

Metric Averages:
 k      Average  Standard Deviation
 2 1.157240e+06        1.418826e+06
 3 8.993596e+05        1.088155e+06
 4 7.456448e+05        8.898778e+05
 5 6.576369e+05        7.783627e+05
 6 5.740562e+05        6.690308e+05
 7 5.249399e+05        6.100840e+05
 8 4.877387e+05        5.651461e+05
 9 4.622940e+05        5.336538e+05
10 4.386583e+05        5.044423e+05
11 4.125604e+05        4.741225e+05
12 4.121652e+05        4.771911e+05
13 3.862153e+05        4.433542e+05
14 3.722013e+05        4.281864e+05
15 3.630147e+05        4.176437e+05
16 3.503827e+05        4.017791e+05
17 3.245118e+05        3.694586e+05
18 3.187091e+05        3.623488e+05
19 3.120553e+05        3.545264e+05
20 3.059669e+05        3.503850e+05


Metric: ARI
--------------------
Pivot Table of P-Values:
          2         3         4         5         6         7         8         9         10        11        12        13        14        15        16        17        18        19        20
2   1.000000  0.908831  0.531880  0.273961  0.277922  0.688354  0.685513  0.982657  0.978515  0.991603  0.997813  0.998503  0.993952  1.000000  0.999996  1.000000  1.000000  1.000000  1.000000
3   0.908831  1.000000  1.000000  1.000000  1.000000  1.000000  1.000000  1.000000  1.000000  1.000000  1.000000  1.000000  1.000000  0.998761  0.999970  0.999352  0.987712  0.935561  0.803963
4   0.531880  1.000000  1.000000  1.000000  1.000000  1.000000  1.000000  1.000000  1.000000  0.999997  0.999964  0.999938  0.999994  0.944814  0.992450  0.960930  0.818580  0.598536  0.358898
5   0.273961  1.000000  1.000000  1.000000  1.000000  1.000000  1.000000  0.999942  0.999963  0.999789  0.998781  0.998202  0.999654  0.801683  0.948328  0.842159  0.577489  0.330846  0.152155
6   0.277922  1.000000  1.000000  1.000000  1.000000  1.000000  1.000000  0.999946  0.999966  0.999802  0.998843  0.998290  0.999674  0.805260  0.949763  0.845287  0.582328  0.335190  0.154904
7   0.688354  1.000000  1.000000  1.000000  1.000000  1.000000  1.000000  1.000000  1.000000  1.000000  0.999998  0.999996  1.000000  0.980153  0.998305  0.987091  0.910711  0.747030  0.515659
8   0.685513  1.000000  1.000000  1.000000  1.000000  1.000000  1.000000  1.000000  1.000000  1.000000  0.999998  0.999995  1.000000  0.979713  0.998251  0.986782  0.909328  0.744430  0.512549
9   0.982657  1.000000  1.000000  0.999942  0.999946  1.000000  1.000000  1.000000  1.000000  1.000000  1.000000  1.000000  1.000000  0.999963  1.000000  0.999986  0.999035  0.989558  0.945641
10  0.978515  1.000000  1.000000  0.999963  0.999966  1.000000  1.000000  1.000000  1.000000  1.000000  1.000000  1.000000  1.000000  0.999943  1.000000  0.999976  0.998664  0.986804  0.935716
11  0.991603  1.000000  0.999997  0.999789  0.999802  1.000000  1.000000  1.000000  1.000000  1.000000  1.000000  1.000000  1.000000  0.999992  1.000000  0.999997  0.999678  0.995268  0.969285
12  0.997813  1.000000  0.999964  0.998781  0.998843  0.999998  0.999998  1.000000  1.000000  1.000000  1.000000  1.000000  1.000000  1.000000  1.000000  1.000000  0.999958  0.998908  0.989429
13  0.998503  1.000000  0.999938  0.998202  0.998290  0.999996  0.999995  1.000000  1.000000  1.000000  1.000000  1.000000  1.000000  1.000000  1.000000  1.000000  0.999976  0.999277  0.992181
14  0.993952  1.000000  0.999994  0.999654  0.999674  1.000000  1.000000  1.000000  1.000000  1.000000  1.000000  1.000000  1.000000  0.999996  1.000000  0.999999  0.999804  0.996692  0.976306
15  1.000000  0.998761  0.944814  0.801683  0.805260  0.980153  0.979713  0.999963  0.999943  0.999992  1.000000  1.000000  0.999996  1.000000  1.000000  1.000000  1.000000  1.000000  1.000000
16  0.999996  0.999970  0.992450  0.948328  0.949763  0.998305  0.998251  1.000000  1.000000  1.000000  1.000000  1.000000  1.000000  1.000000  1.000000  1.000000  1.000000  0.999999  0.999934
17  1.000000  0.999352  0.960930  0.842159  0.845287  0.987091  0.986782  0.999986  0.999976  0.999997  1.000000  1.000000  0.999999  1.000000  1.000000  1.000000  1.000000  1.000000  0.999999
18  1.000000  0.987712  0.818580  0.577489  0.582328  0.910711  0.909328  0.999035  0.998664  0.999678  0.999958  0.999976  0.999804  1.000000  1.000000  1.000000  1.000000  1.000000  1.000000
19  1.000000  0.935561  0.598536  0.330846  0.335190  0.747030  0.744430  0.989558  0.986804  0.995268  0.998908  0.999277  0.996692  1.000000  0.999999  1.000000  1.000000  1.000000  1.000000
20  1.000000  0.803963  0.358898  0.152155  0.154904  0.515659  0.512549  0.945641  0.935716  0.969285  0.989429  0.992181  0.976306  1.000000  0.999934  0.999999  1.000000  1.000000  1.000000

Metric Averages:
 k  Average  Standard Deviation
 2 0.119978            0.083725
 3 0.198956            0.093893
 4 0.200445            0.063266
 5 0.208321            0.050711
 6 0.211082            0.057484
 7 0.195742            0.051340
 8 0.195139            0.038853
 9 0.178454            0.049242
10 0.180696            0.045735
11 0.177706            0.048015
12 0.173231            0.043867
13 0.172190            0.046318
14 0.176477            0.056506
15 0.154474            0.060321
16 0.162520            0.064329
17 0.155050            0.054515
18 0.148676            0.060607
19 0.141485            0.059889
20 0.135077            0.056949


Metric: F1 Score
--------------------
Pivot Table of P-Values:
              2             3         4         5         6         7         8         9         10        11            12        13            14        15            16            17            18            19            20
2   1.000000e+00  1.000000e+00  0.998186  0.897244  0.988544  0.415439  0.094399  0.000371  0.000496  0.011111  4.798244e-08  0.000011  3.998125e-09  0.000001  6.869195e-09  3.143003e-13  4.530624e-10  1.338583e-12  4.859660e-13
3   1.000000e+00  1.000000e+00  0.999999  0.996977  0.999958  0.864094  0.466985  0.012518  0.015491  0.133836  1.026104e-05  0.000858  1.280209e-06  0.000137  2.019760e-06  3.737548e-10  2.017823e-07  1.325090e-09  5.471884e-10
4   9.981860e-01  9.999989e-01  1.000000  1.000000  1.000000  0.999761  0.980300  0.360337  0.394808  0.813006  6.053754e-03  0.093439  1.467018e-03  0.031821  2.011895e-03  3.660810e-06  3.973790e-04  9.627962e-06  4.903782e-06
5   8.972443e-01  9.969769e-01  1.000000  1.000000  1.000000  1.000000  0.999943  0.860281  0.881196  0.993311  1.114010e-01  0.516366  4.391796e-02  0.298546  5.433819e-02  5.311327e-04  1.771951e-02  1.121890e-03  6.665563e-04
6   9.885444e-01  9.999583e-01  1.000000  1.000000  1.000000  0.999989  0.996315  0.562310  0.598808  0.926127  2.056968e-02  0.203239  5.952116e-03  0.084400  7.862728e-03  2.633887e-05  1.863460e-03  6.397502e-05  3.445683e-05
7   4.154393e-01  8.640936e-01  0.999761  1.000000  0.999989  1.000000  1.000000  0.996787  0.997749  0.999995  5.689396e-01  0.939109  3.640178e-01  0.821433  4.058280e-01  2.293841e-02  2.211738e-01  3.841349e-02  2.686546e-02
8   9.439925e-02  4.669853e-01  0.980300  0.999943  0.996315  1.000000  1.000000  0.999991  0.999995  1.000000  9.156773e-01  0.998141  7.921505e-01  0.985978  8.241921e-01  1.761854e-01  6.423249e-01  2.443929e-01  1.950653e-01
9   3.710532e-04  1.251781e-02  0.360337  0.860281  0.562310  0.996787  0.999991  1.000000  1.000000  1.000000  9.999897e-01  1.000000  9.997730e-01  1.000000  9.998738e-01  9.179207e-01  9.983396e-01  9.522111e-01  9.295871e-01
10  4.957259e-04  1.549126e-02  0.394808  0.881196  0.598808  0.997749  0.999995  1.000000  1.000000  1.000000  9.999811e-01  1.000000  9.996397e-01  1.000000  9.997941e-01  9.015135e-01  9.975964e-01  9.410243e-01  9.148249e-01
11  1.111097e-02  1.338358e-01  0.813006  0.993311  0.926127  0.999995  1.000000  1.000000  1.000000  1.000000  9.953420e-01  0.999994  9.760088e-01  0.999795  9.824262e-01  5.419181e-01  9.316381e-01  6.393508e-01  5.713675e-01
12  4.798244e-08  1.026104e-05  0.006054  0.111401  0.020570  0.568940  0.915677  0.999990  0.999981  0.995342  1.000000e+00  1.000000  1.000000e+00  1.000000  1.000000e+00  9.999918e-01  1.000000e+00  9.999987e-01  9.999952e-01
13  1.119100e-05  8.575357e-04  0.093439  0.516366  0.203239  0.939109  0.998141  1.000000  1.000000  0.999994  1.000000e+00  1.000000  9.999998e-01  1.000000  9.999999e-01  9.946332e-01  9.999926e-01  9.978743e-01  9.958783e-01
14  3.998125e-09  1.280209e-06  0.001467  0.043918  0.005952  0.364018  0.792150  0.999773  0.999640  0.976009  1.000000e+00  1.000000  1.000000e+00  1.000000  1.000000e+00  9.999999e-01  1.000000e+00  1.000000e+00  9.999999e-01
15  1.127850e-06  1.369673e-04  0.031821  0.298546  0.084400  0.821433  0.985978  1.000000  1.000000  0.999795  1.000000e+00  1.000000  1.000000e+00  1.000000  1.000000e+00  9.994891e-01  9.999999e-01  9.998529e-01  9.996417e-01
16  6.869195e-09  2.019760e-06  0.002012  0.054338  0.007863  0.405828  0.824192  0.999874  0.999794  0.982426  1.000000e+00  1.000000  1.000000e+00  1.000000  1.000000e+00  9.999997e-01  1.000000e+00  1.000000e+00  9.999998e-01
17  3.143003e-13  3.737548e-10  0.000004  0.000531  0.000026  0.022938  0.176185  0.917921  0.901513  0.541918  9.999918e-01  0.994633  9.999999e-01  0.999489  9.999997e-01  1.000000e+00  1.000000e+00  1.000000e+00  1.000000e+00
18  4.530624e-10  2.017823e-07  0.000397  0.017720  0.001863  0.221174  0.642325  0.998340  0.997596  0.931638  1.000000e+00  0.999993  1.000000e+00  1.000000  1.000000e+00  1.000000e+00  1.000000e+00  1.000000e+00  1.000000e+00
19  1.338583e-12  1.325090e-09  0.000010  0.001122  0.000064  0.038413  0.244393  0.952211  0.941024  0.639351  9.999987e-01  0.997874  1.000000e+00  0.999853  1.000000e+00  1.000000e+00  1.000000e+00  1.000000e+00  1.000000e+00
20  4.859660e-13  5.471884e-10  0.000005  0.000667  0.000034  0.026865  0.195065  0.929587  0.914825  0.571367  9.999952e-01  0.995878  9.999999e-01  0.999642  9.999998e-01  1.000000e+00  1.000000e+00  1.000000e+00  1.000000e+00

Metric Averages:
 k  Average  Standard Deviation
 2 0.491787            0.185028
 3 0.263767            0.139791
 4 0.140072            0.090704
 5 0.092688            0.065635
 6 0.115131            0.068329
 7 0.057892            0.037834
 8 0.055504            0.048809
 9 0.024282            0.016580
10 0.029444            0.029538
11 0.039859            0.036838
12 0.016229            0.017142
13 0.023053            0.021512
14 0.012849            0.013662
15 0.018329            0.015427
16 0.014555            0.019917
17 0.006390            0.006295
18 0.010245            0.009530
19 0.008562            0.015856
20 0.007230            0.008904


Metric: DBI
--------------------
Pivot Table of P-Values:
          2         3         4         5         6         7         8         9         10        11        12        13        14        15        16        17        18        19        20
2   1.000000  0.999996  0.999976  1.000000  1.000000  1.000000  1.000000  1.000000  1.000000  1.000000  1.000000  1.000000  1.000000  0.999633  0.999996  1.000000  1.000000  0.999639  1.000000
3   0.999996  1.000000  1.000000  0.999996  0.999998  0.999782  0.998713  0.999999  1.000000  1.000000  1.000000  0.999987  1.000000  1.000000  1.000000  1.000000  0.999835  1.000000  1.000000
4   0.999976  1.000000  1.000000  0.999977  0.999989  0.999261  0.996479  0.999995  1.000000  1.000000  1.000000  0.999937  0.999999  1.000000  1.000000  1.000000  0.999421  1.000000  1.000000
5   1.000000  0.999996  0.999977  1.000000  1.000000  1.000000  1.000000  1.000000  1.000000  1.000000  1.000000  1.000000  1.000000  0.999644  0.999996  1.000000  1.000000  0.999650  1.000000
6   1.000000  0.999998  0.999989  1.000000  1.000000  1.000000  1.000000  1.000000  1.000000  1.000000  1.000000  1.000000  1.000000  0.999796  0.999998  1.000000  1.000000  0.999799  1.000000
7   1.000000  0.999782  0.999261  1.000000  1.000000  1.000000  1.000000  1.000000  0.999958  1.000000  0.999999  1.000000  1.000000  0.994779  0.999782  1.000000  1.000000  0.994840  1.000000
8   1.000000  0.998713  0.996479  1.000000  1.000000  1.000000  1.000000  1.000000  0.999667  1.000000  0.999982  1.000000  1.000000  0.982432  0.998713  1.000000  1.000000  0.982601  1.000000
9   1.000000  0.999999  0.999995  1.000000  1.000000  1.000000  1.000000  1.000000  1.000000  1.000000  1.000000  1.000000  1.000000  0.999888  0.999999  1.000000  1.000000  0.999890  1.000000
10  1.000000  1.000000  1.000000  1.000000  1.000000  0.999958  0.999667  1.000000  1.000000  1.000000  1.000000  0.999998  1.000000  1.000000  1.000000  1.000000  0.999970  1.000000  1.000000
11  1.000000  1.000000  1.000000  1.000000  1.000000  1.000000  1.000000  1.000000  1.000000  1.000000  1.000000  1.000000  1.000000  0.999988  1.000000  1.000000  1.000000  0.999988  1.000000
12  1.000000  1.000000  1.000000  1.000000  1.000000  0.999999  0.999982  1.000000  1.000000  1.000000  1.000000  1.000000  1.000000  1.000000  1.000000  1.000000  0.999999  1.000000  1.000000
13  1.000000  0.999987  0.999937  1.000000  1.000000  1.000000  1.000000  1.000000  0.999998  1.000000  1.000000  1.000000  1.000000  0.999227  0.999987  1.000000  1.000000  0.999238  1.000000
14  1.000000  1.000000  0.999999  1.000000  1.000000  1.000000  1.000000  1.000000  1.000000  1.000000  1.000000  1.000000  1.000000  0.999972  1.000000  1.000000  1.000000  0.999973  1.000000
15  0.999633  1.000000  1.000000  0.999644  0.999796  0.994779  0.982432  0.999888  1.000000  0.999988  1.000000  0.999227  0.999972  1.000000  1.000000  0.999991  0.995683  1.000000  0.999999
16  0.999996  1.000000  1.000000  0.999996  0.999998  0.999782  0.998713  0.999999  1.000000  1.000000  1.000000  0.999987  1.000000  1.000000  1.000000  1.000000  0.999835  1.000000  1.000000
17  1.000000  1.000000  1.000000  1.000000  1.000000  1.000000  1.000000  1.000000  1.000000  1.000000  1.000000  1.000000  1.000000  0.999991  1.000000  1.000000  1.000000  0.999991  1.000000
18  1.000000  0.999835  0.999421  1.000000  1.000000  1.000000  1.000000  1.000000  0.999970  1.000000  0.999999  1.000000  1.000000  0.995683  0.999835  1.000000  1.000000  0.995735  1.000000
19  0.999639  1.000000  1.000000  0.999650  0.999799  0.994840  0.982601  0.999890  1.000000  0.999988  1.000000  0.999238  0.999973  1.000000  1.000000  0.999991  0.995735  1.000000  0.999999
20  1.000000  1.000000  1.000000  1.000000  1.000000  1.000000  1.000000  1.000000  1.000000  1.000000  1.000000  1.000000  1.000000  0.999999  1.000000  1.000000  1.000000  0.999999  1.000000

Metric Averages:
 k  Average  Standard Deviation
 2 1.848406            0.587621
 3 1.958326            0.375743
 4 1.984767            0.398447
 5 1.884603            0.378110
 6 1.869300            0.385267
 7 1.805893            0.274968
 8 1.752668            0.161140
 9 1.824749            0.236519
10 1.896287            0.275173
11 1.885588            0.343788
12 1.845799            0.198691
13 1.800863            0.222464
14 1.808592            0.190742
15 1.928458            0.248726
16 1.906022            0.270889
17 1.824806            0.217202
18 1.775189            0.190441
19 1.924855            0.249808
20 1.826738            0.200718


Metric: silhouette_score
--------------------
Pivot Table of P-Values:
          2         3         4         5         6         7         8         9         10        11        12        13        14        15        16        17        18        19        20
2   1.000000  1.000000  1.000000  1.000000  1.000000  1.000000  1.000000  1.000000  1.000000  1.000000  1.000000  1.000000  1.000000  0.975727  0.959308  0.999996  0.999129  0.791745  0.998884
3   1.000000  1.000000  1.000000  1.000000  1.000000  1.000000  1.000000  1.000000  0.999025  1.000000  0.999977  0.999992  0.999995  0.692999  0.617211  0.995578  0.935405  0.291093  0.927102
4   1.000000  1.000000  1.000000  1.000000  1.000000  1.000000  1.000000  1.000000  0.999998  1.000000  1.000000  1.000000  1.000000  0.949115  0.921153  0.999972  0.997059  0.692999  0.996361
5   1.000000  1.000000  1.000000  1.000000  1.000000  1.000000  1.000000  1.000000  0.999970  1.000000  1.000000  1.000000  1.000000  0.885963  0.838703  0.999744  0.988646  0.542095  0.986490
6   1.000000  1.000000  1.000000  1.000000  1.000000  1.000000  1.000000  1.000000  1.000000  1.000000  1.000000  1.000000  1.000000  0.988996  0.979997  1.000000  0.999760  0.864549  0.999681
7   1.000000  1.000000  1.000000  1.000000  1.000000  1.000000  1.000000  1.000000  0.999899  1.000000  0.999999  1.000000  1.000000  0.837687  0.779993  0.999313  0.979202  0.460360  0.975690
8   1.000000  1.000000  1.000000  1.000000  1.000000  1.000000  1.000000  1.000000  0.999965  1.000000  1.000000  1.000000  1.000000  0.881134  0.832695  0.999712  0.987817  0.532991  0.985532
9   1.000000  1.000000  1.000000  1.000000  1.000000  1.000000  1.000000  1.000000  1.000000  1.000000  1.000000  1.000000  1.000000  0.991663  0.984418  1.000000  0.999848  0.883859  0.999795
10  1.000000  0.999025  0.999998  0.999970  1.000000  0.999899  0.999965  1.000000  1.000000  1.000000  1.000000  1.000000  1.000000  0.999992  0.999969  1.000000  1.000000  0.997817  1.000000
11  1.000000  1.000000  1.000000  1.000000  1.000000  1.000000  1.000000  1.000000  1.000000  1.000000  1.000000  1.000000  1.000000  0.979040  0.964323  0.999997  0.999315  0.807517  0.999116
12  1.000000  0.999977  1.000000  1.000000  1.000000  0.999999  1.000000  1.000000  1.000000  1.000000  1.000000  1.000000  1.000000  0.999516  0.998804  1.000000  0.999999  0.977120  0.999998
13  1.000000  0.999992  1.000000  1.000000  1.000000  1.000000  1.000000  1.000000  1.000000  1.000000  1.000000  1.000000  1.000000  0.999008  0.997714  1.000000  0.999995  0.965353  0.999993
14  1.000000  0.999995  1.000000  1.000000  1.000000  1.000000  1.000000  1.000000  1.000000  1.000000  1.000000  1.000000  1.000000  0.998600  0.996880  1.000000  0.999992  0.957747  0.999988
15  0.975727  0.692999  0.949115  0.885963  0.988996  0.837687  0.881134  0.991663  0.999992  0.979040  0.999516  0.999008  0.998600  1.000000  1.000000  1.000000  1.000000  1.000000  1.000000
16  0.959308  0.617211  0.921153  0.838703  0.979997  0.779993  0.832695  0.984418  0.999969  0.964323  0.998804  0.997714  0.996880  1.000000  1.000000  0.999998  1.000000  1.000000  1.000000
17  0.999996  0.995578  0.999972  0.999744  1.000000  0.999313  0.999712  1.000000  1.000000  0.999997  1.000000  1.000000  1.000000  1.000000  0.999998  1.000000  1.000000  0.999586  1.000000
18  0.999129  0.935405  0.997059  0.988646  0.999760  0.979202  0.987817  0.999848  1.000000  0.999315  0.999999  0.999995  0.999992  1.000000  1.000000  1.000000  1.000000  0.999999  1.000000
19  0.791745  0.291093  0.692999  0.542095  0.864549  0.460360  0.532991  0.883859  0.997817  0.807517  0.977120  0.965353  0.957747  1.000000  1.000000  0.999586  0.999999  1.000000  0.999999
20  0.998884  0.927102  0.996361  0.986490  0.999681  0.975690  0.985532  0.999795  1.000000  0.999116  0.999998  0.999993  0.999988  1.000000  1.000000  1.000000  1.000000  0.999999  1.000000

Metric Averages:
 k  Average  Standard Deviation
 2 0.207428            0.065843
 3 0.218912            0.050473
 4 0.213521            0.040928
 5 0.212026            0.050566
 6 0.206153            0.050298
 7 0.215733            0.051276
 8 0.218121            0.032540
 9 0.210128            0.041165
10 0.203228            0.032648
11 0.211507            0.034066
12 0.206519            0.031415
13 0.206964            0.031961
14 0.206998            0.025828
15 0.184530            0.034588
16 0.185342            0.028436
17 0.195549            0.037567
18 0.194164            0.023653
19 0.176818            0.035725
20 0.193243            0.026196


Metric: calinski_harabasz_score
--------------------
Pivot Table of P-Values:
          2             3             4         5         6         7         8         9         10        11        12        13        14        15            16            17            18            19            20
2   1.000000  9.999999e-01  1.000000e+00  1.000000  1.000000  0.999997  0.999935  0.990593  0.784120  0.719512  0.319131  0.158325  0.022217  0.002520  2.842632e-04  3.816229e-04  5.387760e-05  1.813370e-06  1.457096e-06
3   1.000000  1.000000e+00  1.000000e+00  0.999979  0.999828  0.988126  0.957350  0.689973  0.186409  0.140555  0.020209  0.005425  0.000230  0.000010  5.254145e-07  7.766646e-07  5.981422e-08  8.143711e-10  6.202183e-10
4   1.000000  1.000000e+00  1.000000e+00  1.000000  0.999999  0.999561  0.996794  0.919248  0.475328  0.398805  0.103219  0.037837  0.002925  0.000206  1.582367e-05  2.229034e-05  2.324928e-06  4.981203e-08  3.896967e-08
5   1.000000  9.999791e-01  1.000000e+00  1.000000  1.000000  1.000000  1.000000  0.999457  0.942636  0.913143  0.601589  0.384291  0.091050  0.015839  2.527632e-03  3.249122e-03  6.028460e-04  3.048685e-05  2.509392e-05
6   1.000000  9.998284e-01  9.999994e-01  1.000000  1.000000  1.000000  1.000000  0.999916  0.976628  0.961143  0.735611  0.526325  0.160505  0.034553  6.564095e-03  8.255371e-03  1.757570e-03  1.091048e-04  9.089927e-05
7   0.999997  9.881260e-01  9.995615e-01  1.000000  1.000000  1.000000  1.000000  1.000000  0.999455  0.998695  0.960180  0.873578  0.507440  0.198769  6.246544e-02  7.373017e-02  2.342467e-02  2.646062e-03  2.283958e-03
8   0.999935  9.573502e-01  9.967940e-01  1.000000  1.000000  1.000000  1.000000  1.000000  0.999954  0.999860  0.989129  0.951294  0.689164  0.346959  1.364851e-01  1.565448e-01  5.966171e-02  8.871821e-03  7.783582e-03
9   0.990593  6.899727e-01  9.192478e-01  0.999457  0.999916  1.000000  1.000000  1.000000  1.000000  1.000000  0.999915  0.998731  0.957122  0.775825  5.041103e-01  5.409857e-01  3.170047e-01  9.233547e-02  8.434198e-02
10  0.784120  1.864091e-01  4.753278e-01  0.942636  0.976628  0.999455  0.999954  1.000000  1.000000  1.000000  1.000000  1.000000  0.999704  0.989758  9.305274e-01  9.432040e-01  8.279143e-01  5.112160e-01  4.899190e-01
11  0.719512  1.405547e-01  3.988049e-01  0.913143  0.961143  0.998695  0.999860  1.000000  1.000000  1.000000  1.000000  1.000000  0.999894  0.994676  9.553207e-01  9.643228e-01  8.761716e-01  5.893511e-01  5.682285e-01
12  0.319131  2.020853e-02  1.032195e-01  0.601589  0.735611  0.960180  0.989129  0.999915  1.000000  1.000000  1.000000  1.000000  1.000000  0.999959  9.984066e-01  9.989209e-01  9.904070e-01  9.076291e-01  8.976179e-01
13  0.158325  5.425225e-03  3.783750e-02  0.384291  0.526325  0.873578  0.951294  0.998731  1.000000  1.000000  1.000000  1.000000  1.000000  0.999999  9.998854e-01  9.999318e-01  9.987579e-01  9.741130e-01  9.702006e-01
14  0.022217  2.298076e-04  2.924646e-03  0.091050  0.160505  0.507440  0.689164  0.957122  0.999704  0.999894  1.000000  1.000000  1.000000  1.000000  1.000000e+00  1.000000e+00  9.999975e-01  9.994782e-01  9.993318e-01
15  0.002520  1.005176e-05  2.060387e-04  0.015839  0.034553  0.198769  0.346959  0.775825  0.989758  0.994676  0.999959  0.999999  1.000000  1.000000  1.000000e+00  1.000000e+00  1.000000e+00  9.999974e-01  9.999961e-01
16  0.000284  5.254145e-07  1.582367e-05  0.002528  0.006564  0.062465  0.136485  0.504110  0.930527  0.955321  0.998407  0.999885  1.000000  1.000000  1.000000e+00  1.000000e+00  1.000000e+00  1.000000e+00  1.000000e+00
17  0.000382  7.766646e-07  2.229034e-05  0.003249  0.008255  0.073730  0.156545  0.540986  0.943204  0.964323  0.998921  0.999932  1.000000  1.000000  1.000000e+00  1.000000e+00  1.000000e+00  1.000000e+00  1.000000e+00
18  0.000054  5.981422e-08  2.324928e-06  0.000603  0.001758  0.023425  0.059662  0.317005  0.827914  0.876172  0.990407  0.998758  0.999998  1.000000  1.000000e+00  1.000000e+00  1.000000e+00  1.000000e+00  1.000000e+00
19  0.000002  8.143711e-10  4.981203e-08  0.000030  0.000109  0.002646  0.008872  0.092335  0.511216  0.589351  0.907629  0.974113  0.999478  0.999997  1.000000e+00  1.000000e+00  1.000000e+00  1.000000e+00  1.000000e+00
20  0.000001  6.202183e-10  3.896967e-08  0.000025  0.000091  0.002284  0.007784  0.084342  0.489919  0.568228  0.897618  0.970201  0.999332  0.999996  1.000000e+00  1.000000e+00  1.000000e+00  1.000000e+00  1.000000e+00

Metric Averages:
 k     Average  Standard Deviation
 2 2129.914459          802.714057
 3 2081.056922          503.165206
 4 1881.852983          386.200508
 5 1657.204235          415.808013
 6 1585.845194          286.356610
 7 1496.882527          292.256055
 8 1440.017334          237.743234
 9 1355.832483          236.827652
10 1255.500770          219.326800
11 1232.932395          225.561561
12 1160.066569          164.907904
13 1120.690261          184.021755
14 1069.495821          181.001020
15 1029.587852          160.086157
16  987.906797          164.102789
17  984.680715          174.808717
18  963.259212          159.437791
19  919.235629          151.738330
20  919.076260          143.450701


Metric: Time
--------------------
Pivot Table of P-Values:
              2             3             4         5         6         7             8             9         10            11        12            13        14        15        16            17            18            19            20
2   1.000000e+00  1.000000e+00  9.999986e-01  0.989261  0.888041  0.807196  1.574892e-11  1.174019e-08  0.005073  6.073237e-08  0.000526  5.886029e-07  0.000022  0.000031  0.000001  2.264439e-08  4.301236e-09  1.180259e-08  8.132772e-12
3   1.000000e+00  1.000000e+00  1.000000e+00  0.999901  0.993450  0.981862  4.980163e-09  1.596514e-06  0.058992  6.523135e-06  0.010916  4.458339e-05  0.000891  0.001185  0.000096  2.806495e-06  6.716038e-07  1.603810e-06  2.777423e-09
4   9.999986e-01  1.000000e+00  1.000000e+00  1.000000  0.999883  0.999397  3.502423e-07  5.451685e-05  0.245414  1.819066e-04  0.074166  9.208183e-04  0.010687  0.013417  0.001747  8.849952e-05  2.581989e-05  5.473119e-05  2.085934e-07
5   9.892611e-01  9.999014e-01  9.999999e-01  1.000000  1.000000  1.000000  2.598594e-04  9.814142e-03  0.860084  2.200400e-02  0.598101  6.183388e-02  0.249822  0.280459  0.091050  1.362627e-02  5.865863e-03  9.840439e-03  1.759787e-04
6   8.880414e-01  9.934497e-01  9.998829e-01  1.000000  1.000000  1.000000  4.289124e-03  7.243684e-02  0.984264  1.298170e-01  0.894564  2.629645e-01  0.606813  0.644175  0.337173  9.207779e-02  4.939130e-02  7.257971e-02  3.124998e-03
7   8.071964e-01  9.818620e-01  9.993967e-01  1.000000  1.000000  1.000000  9.735625e-03  1.245671e-01  0.994465  2.068872e-01  0.946322  3.757560e-01  0.727615  0.760021  0.460581  1.536511e-01  8.885403e-02  1.247827e-01  7.275493e-03
8   1.574892e-11  4.980163e-09  3.502423e-07  0.000260  0.004289  0.009736  1.000000e+00  1.000000e+00  0.874199  1.000000e+00  0.979234  9.999965e-01  0.999279  0.998895  0.999984  1.000000e+00  1.000000e+00  1.000000e+00  1.000000e+00
9   1.174019e-08  1.596514e-06  5.451685e-05  0.009814  0.072437  0.124567  1.000000e+00  1.000000e+00  0.995596  1.000000e+00  0.999874  1.000000e+00  1.000000  1.000000  1.000000  1.000000e+00  1.000000e+00  1.000000e+00  1.000000e+00
10  5.072654e-03  5.899240e-02  2.454136e-01  0.860084  0.984264  0.994465  8.741993e-01  9.955960e-01  1.000000  9.989052e-01  1.000000  9.999146e-01  1.000000  1.000000  0.999977  9.973794e-01  9.910377e-01  9.956136e-01  8.458519e-01
11  6.073237e-08  6.523135e-06  1.819066e-04  0.022004  0.129817  0.206887  1.000000e+00  1.000000e+00  0.998905  1.000000e+00  0.999985  1.000000e+00  1.000000  1.000000  1.000000  1.000000e+00  1.000000e+00  1.000000e+00  9.999999e-01
12  5.256185e-04  1.091596e-02  7.416597e-02  0.598101  0.894564  0.946322  9.792341e-01  9.998741e-01  1.000000  9.999847e-01  1.000000  9.999997e-01  1.000000  1.000000  1.000000  9.999425e-01  9.996327e-01  9.998749e-01  9.713455e-01
13  5.886029e-07  4.458339e-05  9.208183e-04  0.061834  0.262965  0.375756  9.999965e-01  1.000000e+00  0.999915  1.000000e+00  1.000000  1.000000e+00  1.000000  1.000000  1.000000  1.000000e+00  1.000000e+00  1.000000e+00  9.999917e-01
14  2.210887e-05  8.907866e-04  1.068723e-02  0.249822  0.606813  0.727615  9.992792e-01  9.999998e-01  1.000000  1.000000e+00  1.000000  1.000000e+00  1.000000  1.000000  1.000000  1.000000e+00  9.999990e-01  9.999998e-01  9.987841e-01
15  3.148739e-05  1.185494e-03  1.341721e-02  0.280459  0.644175  0.760021  9.988947e-01  9.999996e-01  1.000000  1.000000e+00  1.000000  1.000000e+00  1.000000  1.000000  1.000000  9.999999e-01  9.999979e-01  9.999996e-01  9.981820e-01
16  1.477264e-06  9.625599e-05  1.746544e-03  0.091050  0.337173  0.460581  9.999837e-01  1.000000e+00  0.999977  1.000000e+00  1.000000  1.000000e+00  1.000000  1.000000  1.000000  1.000000e+00  1.000000e+00  1.000000e+00  9.999653e-01
17  2.264439e-08  2.806495e-06  8.849952e-05  0.013626  0.092078  0.153651  1.000000e+00  1.000000e+00  0.997379  1.000000e+00  0.999943  1.000000e+00  1.000000  1.000000  1.000000  1.000000e+00  1.000000e+00  1.000000e+00  1.000000e+00
18  4.301236e-09  6.716038e-07  2.581989e-05  0.005866  0.049391  0.088854  1.000000e+00  1.000000e+00  0.991038  1.000000e+00  0.999633  1.000000e+00  0.999999  0.999998  1.000000  1.000000e+00  1.000000e+00  1.000000e+00  1.000000e+00
19  1.180259e-08  1.603810e-06  5.473119e-05  0.009840  0.072580  0.124783  1.000000e+00  1.000000e+00  0.995614  1.000000e+00  0.999875  1.000000e+00  1.000000  1.000000  1.000000  1.000000e+00  1.000000e+00  1.000000e+00  1.000000e+00
20  8.132772e-12  2.777423e-09  2.085934e-07  0.000176  0.003125  0.007275  1.000000e+00  1.000000e+00  0.845852  9.999999e-01  0.971346  9.999917e-01  0.998784  0.998182  0.999965  1.000000e+00  1.000000e+00  1.000000e+00  1.000000e+00

Metric Averages:
 k   Average  Standard Deviation
 2  4.186395            1.347562
 3  6.072268            2.113268
 4  7.946965            3.055992
 5 11.826033            6.425806
 6 13.580627            8.084088
 7 13.723292            5.369309
 8 37.480795           16.623225
 9 34.113503           18.538228
10 22.989851           11.350164
11 37.378844           25.545791
12 26.697094           15.819620
13 34.492323           20.208177
14 27.444886           11.187224
15 27.304463           11.392069
16 29.172473           11.930757
17 32.163228           13.434717
18 33.139400           13.479046
19 33.758480           15.947883
20 37.461116           15.672020

