Statistical Analysis Report for Parameter: k
==================================================

FRIEDMAN TEST RESULTS
--------------------
Metric               Statistic       P-Value         Significant    
-----------------------------------------------------------------
E                    517.3453        0.0000          True           
ARI                  370.9284        0.0000          True           
F1 Score             95.0337         0.0000          True           
DBI                  72.8842         0.0000          True           
silhouette_score     129.9895        0.0000          True           
calinski_harabasz_score 458.5221        0.0000          True           
Time                 499.9895        0.0000          True           


POST-HOC TEST RESULTS
==============================

Metric: E
--------------------
Pivot Table of P-Values:
          2         3         4         5         6         7         8         9         10        11        12        13        14        15        16        17        18        19        20
2   1.000000  1.000000  1.000000  1.000000  1.000000  1.000000  0.999991  0.999943  0.999780  0.997939  0.992588  0.978581  0.944258  0.906214  0.849491  0.727231  0.699819  0.544316  0.380328
3   1.000000  1.000000  1.000000  1.000000  1.000000  1.000000  1.000000  0.999997  0.999986  0.999749  0.998725  0.995077  0.983207  0.967017  0.938614  0.863769  0.844721  0.721838  0.563811
4   1.000000  1.000000  1.000000  1.000000  1.000000  1.000000  1.000000  1.000000  0.999999  0.999971  0.999789  0.998905  0.995116  0.988842  0.976018  0.935250  0.923643  0.839283  0.709735
5   1.000000  1.000000  1.000000  1.000000  1.000000  1.000000  1.000000  1.000000  1.000000  0.999998  0.999976  0.999822  0.998905  0.997009  0.992394  0.974228  0.968393  0.919887  0.829567
6   1.000000  1.000000  1.000000  1.000000  1.000000  1.000000  1.000000  1.000000  1.000000  1.000000  0.999998  0.999980  0.999814  0.999371  0.998055  0.991449  0.989034  0.965691  0.912176
7   1.000000  1.000000  1.000000  1.000000  1.000000  1.000000  1.000000  1.000000  1.000000  1.000000  1.000000  0.999997  0.999963  0.999848  0.999439  0.996880  0.995837  0.984315  0.952789
8   0.999991  1.000000  1.000000  1.000000  1.000000  1.000000  1.000000  1.000000  1.000000  1.000000  1.000000  1.000000  0.999997  0.999985  0.999925  0.999390  0.999133  0.995614  0.982988
9   0.999943  0.999997  1.000000  1.000000  1.000000  1.000000  1.000000  1.000000  1.000000  1.000000  1.000000  1.000000  1.000000  0.999998  0.999988  0.999861  0.999790  0.998613  0.993274
10  0.999780  0.999986  0.999999  1.000000  1.000000  1.000000  1.000000  1.000000  1.000000  1.000000  1.000000  1.000000  1.000000  1.000000  0.999998  0.999966  0.999945  0.999535  0.997217
11  0.997939  0.999749  0.999971  0.999998  1.000000  1.000000  1.000000  1.000000  1.000000  1.000000  1.000000  1.000000  1.000000  1.000000  1.000000  0.999999  0.999998  0.999968  0.999676
12  0.992588  0.998725  0.999789  0.999976  0.999998  1.000000  1.000000  1.000000  1.000000  1.000000  1.000000  1.000000  1.000000  1.000000  1.000000  1.000000  1.000000  0.999997  0.999952
13  0.978581  0.995077  0.998905  0.999822  0.999980  0.999997  1.000000  1.000000  1.000000  1.000000  1.000000  1.000000  1.000000  1.000000  1.000000  1.000000  1.000000  1.000000  0.999995
14  0.944258  0.983207  0.995116  0.998905  0.999814  0.999963  0.999997  1.000000  1.000000  1.000000  1.000000  1.000000  1.000000  1.000000  1.000000  1.000000  1.000000  1.000000  1.000000
15  0.906214  0.967017  0.988842  0.997009  0.999371  0.999848  0.999985  0.999998  1.000000  1.000000  1.000000  1.000000  1.000000  1.000000  1.000000  1.000000  1.000000  1.000000  1.000000
16  0.849491  0.938614  0.976018  0.992394  0.998055  0.999439  0.999925  0.999988  0.999998  1.000000  1.000000  1.000000  1.000000  1.000000  1.000000  1.000000  1.000000  1.000000  1.000000
17  0.727231  0.863769  0.935250  0.974228  0.991449  0.996880  0.999390  0.999861  0.999966  0.999999  1.000000  1.000000  1.000000  1.000000  1.000000  1.000000  1.000000  1.000000  1.000000
18  0.699819  0.844721  0.923643  0.968393  0.989034  0.995837  0.999133  0.999790  0.999945  0.999998  1.000000  1.000000  1.000000  1.000000  1.000000  1.000000  1.000000  1.000000  1.000000
19  0.544316  0.721838  0.839283  0.919887  0.965691  0.984315  0.995614  0.998613  0.999535  0.999968  0.999997  1.000000  1.000000  1.000000  1.000000  1.000000  1.000000  1.000000  1.000000
20  0.380328  0.563811  0.709735  0.829567  0.912176  0.952789  0.982988  0.993274  0.997217  0.999676  0.999952  0.999995  1.000000  1.000000  1.000000  1.000000  1.000000  1.000000  1.000000


Metric: ARI
--------------------
Pivot Table of P-Values:
              2             3             4         5         6         7         8         9         10            11            12            13            14            15            16            17            18            19        20
2   1.000000e+00  1.000000e+00  9.999964e-01  0.996719  0.653037  0.136371  0.001159  0.000004  0.000005  1.314833e-10  4.298668e-12  7.542084e-09  4.608984e-10  5.667681e-07  2.072304e-08  7.230659e-10  4.081151e-08  9.849665e-07  0.000028
3   1.000000e+00  1.000000e+00  1.000000e+00  0.999980  0.931101  0.459264  0.016615  0.000175  0.000198  2.206193e-08  1.049690e-09  7.766813e-07  6.686134e-08  3.225770e-05  1.871914e-06  9.943697e-08  3.368233e-06  5.159840e-05  0.000839
4   9.999964e-01  1.000000e+00  1.000000e+00  1.000000  0.997544  0.856337  0.139852  0.004943  0.005449  3.027509e-06  2.200939e-07  6.130673e-05  7.782089e-06  1.298048e-03  1.273370e-04  1.089431e-05  2.067953e-04  1.889358e-03  0.016490
5   9.967194e-01  9.999796e-01  1.000000e+00  1.000000  0.999998  0.994044  0.565579  0.078479  0.083781  3.031564e-04  3.609636e-05  3.220112e-03  6.431349e-04  3.104436e-02  5.621708e-03  8.390069e-04  8.099117e-03  4.047995e-02  0.171849
6   6.530375e-01  9.311007e-01  9.975439e-01  0.999998  1.000000  1.000000  0.992725  0.734476  0.747216  5.923518e-02  1.640779e-02  2.099455e-01  9.053970e-02  5.509700e-01  2.736034e-01  1.047286e-01  3.226266e-01  6.028973e-01  0.875435
7   1.363708e-01  4.592642e-01  8.563370e-01  0.994044  1.000000  1.000000  0.999997  0.989447  0.990644  4.575094e-01  2.364015e-01  7.607432e-01  5.531864e-01  9.591982e-01  8.244294e-01  5.880368e-01  8.616708e-01  9.706714e-01  0.998231
8   1.158799e-03  1.661523e-02  1.398517e-01  0.565579  0.992725  0.999997  1.000000  1.000000  1.000000  9.857470e-01  9.302811e-01  9.992682e-01  9.933750e-01  9.999973e-01  9.997347e-01  9.951162e-01  9.998764e-01  9.999990e-01  1.000000
9   4.181926e-06  1.746860e-04  4.943165e-03  0.078479  0.734476  0.989447  1.000000  1.000000  1.000000  9.999934e-01  9.997272e-01  1.000000e+00  9.999989e-01  1.000000e+00  1.000000e+00  9.999995e-01  1.000000e+00  1.000000e+00  1.000000
10  4.854200e-06  1.979214e-04  5.448520e-03  0.083781  0.747216  0.990644  1.000000  1.000000  1.000000  9.999915e-01  9.996707e-01  1.000000e+00  9.999986e-01  1.000000e+00  1.000000e+00  9.999993e-01  1.000000e+00  1.000000e+00  1.000000
11  1.314833e-10  2.206193e-08  3.027509e-06  0.000303  0.059235  0.457509  0.985747  0.999993  0.999991  1.000000e+00  1.000000e+00  1.000000e+00  1.000000e+00  9.999999e-01  1.000000e+00  1.000000e+00  1.000000e+00  9.999996e-01  0.999860
12  4.298668e-12  1.049690e-09  2.200939e-07  0.000036  0.016408  0.236401  0.930281  0.999727  0.999671  1.000000e+00  1.000000e+00  1.000000e+00  1.000000e+00  9.999833e-01  1.000000e+00  1.000000e+00  9.999998e-01  9.999619e-01  0.997522
13  7.542084e-09  7.766813e-07  6.130673e-05  0.003220  0.209945  0.760743  0.999268  1.000000  1.000000  1.000000e+00  1.000000e+00  1.000000e+00  1.000000e+00  1.000000e+00  1.000000e+00  1.000000e+00  1.000000e+00  1.000000e+00  0.999999
14  4.608984e-10  6.686134e-08  7.782089e-06  0.000643  0.090540  0.553186  0.993375  0.999999  0.999999  1.000000e+00  1.000000e+00  1.000000e+00  1.000000e+00  1.000000e+00  1.000000e+00  1.000000e+00  1.000000e+00  1.000000e+00  0.999965
15  5.667681e-07  3.225770e-05  1.298048e-03  0.031044  0.550970  0.959198  0.999997  1.000000  1.000000  9.999999e-01  9.999833e-01  1.000000e+00  1.000000e+00  1.000000e+00  1.000000e+00  1.000000e+00  1.000000e+00  1.000000e+00  1.000000
16  2.072304e-08  1.871914e-06  1.273370e-04  0.005622  0.273603  0.824429  0.999735  1.000000  1.000000  1.000000e+00  1.000000e+00  1.000000e+00  1.000000e+00  1.000000e+00  1.000000e+00  1.000000e+00  1.000000e+00  1.000000e+00  1.000000
17  7.230659e-10  9.943697e-08  1.089431e-05  0.000839  0.104729  0.588037  0.995116  0.999999  0.999999  1.000000e+00  1.000000e+00  1.000000e+00  1.000000e+00  1.000000e+00  1.000000e+00  1.000000e+00  1.000000e+00  1.000000e+00  0.999980
18  4.081151e-08  3.368233e-06  2.067953e-04  0.008099  0.322627  0.861671  0.999876  1.000000  1.000000  1.000000e+00  9.999998e-01  1.000000e+00  1.000000e+00  1.000000e+00  1.000000e+00  1.000000e+00  1.000000e+00  1.000000e+00  1.000000
19  9.849665e-07  5.159840e-05  1.889358e-03  0.040480  0.602897  0.970671  0.999999  1.000000  1.000000  9.999996e-01  9.999619e-01  1.000000e+00  1.000000e+00  1.000000e+00  1.000000e+00  1.000000e+00  1.000000e+00  1.000000e+00  1.000000
20  2.766587e-05  8.390069e-04  1.649049e-02  0.171849  0.875435  0.998231  1.000000  1.000000  1.000000  9.998597e-01  9.975225e-01  9.999994e-01  9.999646e-01  1.000000e+00  9.999999e-01  9.999796e-01  1.000000e+00  1.000000e+00  1.000000


Metric: F1 Score
--------------------
Pivot Table of P-Values:
          2         3         4         5         6         7         8         9         10        11        12        13        14        15        16        17        18        19        20
2   1.000000  1.000000  1.000000  1.000000  0.999993  0.876662  0.999964  0.941992  0.955203  0.999983  0.999978  1.000000  1.000000  1.000000  1.000000  1.000000  0.999992  0.980369  0.999818
3   1.000000  1.000000  1.000000  1.000000  0.999998  0.910022  0.999988  0.960824  0.970501  0.999994  0.999993  1.000000  1.000000  1.000000  1.000000  1.000000  0.999975  0.969109  0.999578
4   1.000000  1.000000  1.000000  1.000000  1.000000  0.990777  1.000000  0.997586  0.998464  1.000000  1.000000  1.000000  1.000000  0.999990  1.000000  1.000000  0.997837  0.813570  0.986937
5   1.000000  1.000000  1.000000  1.000000  1.000000  0.995287  1.000000  0.998931  0.999352  1.000000  1.000000  1.000000  1.000000  0.999965  1.000000  1.000000  0.995435  0.752744  0.976875
6   0.999993  0.999998  1.000000  1.000000  1.000000  0.999956  1.000000  0.999996  0.999998  1.000000  1.000000  1.000000  0.999992  0.995937  1.000000  0.999907  0.926076  0.371617  0.813254
7   0.876662  0.910022  0.990777  0.995287  0.999956  1.000000  0.999991  1.000000  1.000000  0.999980  0.999984  0.997121  0.874199  0.452253  0.967665  0.766123  0.131602  0.003606  0.054643
8   0.999964  0.999988  1.000000  1.000000  1.000000  0.999991  1.000000  0.999999  1.000000  1.000000  1.000000  1.000000  0.999961  0.990576  1.000000  0.999662  0.880776  0.285201  0.736367
9   0.941992  0.960824  0.997586  0.998931  0.999996  1.000000  0.999999  1.000000  1.000000  0.999999  0.999999  0.999412  0.940541  0.602026  0.988880  0.869939  0.223734  0.009402  0.105680
10  0.955203  0.970501  0.998464  0.999352  0.999998  1.000000  1.000000  1.000000  1.000000  0.999999  1.000000  0.999656  0.954008  0.645445  0.992252  0.893901  0.257385  0.012285  0.126300
11  0.999983  0.999994  1.000000  1.000000  1.000000  0.999980  1.000000  0.999999  0.999999  1.000000  1.000000  1.000000  0.999981  0.993597  1.000000  0.999813  0.904165  0.324966  0.774603
12  0.999978  0.999993  1.000000  1.000000  1.000000  0.999984  1.000000  0.999999  1.000000  1.000000  1.000000  1.000000  0.999976  0.992779  1.000000  0.999775  0.897402  0.312581  0.763261
13  1.000000  1.000000  1.000000  1.000000  1.000000  0.997121  1.000000  0.999412  0.999656  1.000000  1.000000  1.000000  1.000000  0.999924  1.000000  1.000000  0.992752  0.706972  0.967110
14  1.000000  1.000000  1.000000  1.000000  0.999992  0.874199  0.999961  0.940541  0.954008  0.999981  0.999976  1.000000  1.000000  1.000000  1.000000  1.000000  0.999993  0.980978  0.999828
15  1.000000  1.000000  0.999990  0.999965  0.995937  0.452253  0.990576  0.602026  0.645445  0.993597  0.992779  0.999924  1.000000  1.000000  1.000000  1.000000  1.000000  0.999854  1.000000
16  1.000000  1.000000  1.000000  1.000000  1.000000  0.967665  1.000000  0.988880  0.992252  1.000000  1.000000  1.000000  1.000000  1.000000  1.000000  1.000000  0.999688  0.913144  0.997047
17  1.000000  1.000000  1.000000  1.000000  0.999907  0.766123  0.999662  0.869939  0.893901  0.999813  0.999775  1.000000  1.000000  1.000000  1.000000  1.000000  1.000000  0.994550  0.999983
18  0.999992  0.999975  0.997837  0.995435  0.926076  0.131602  0.880776  0.223734  0.257385  0.904165  0.897402  0.992752  0.999993  1.000000  0.999688  1.000000  1.000000  1.000000  1.000000
19  0.980369  0.969109  0.813570  0.752744  0.371617  0.003606  0.285201  0.009402  0.012285  0.324966  0.312581  0.706972  0.980978  0.999854  0.913144  0.994550  1.000000  1.000000  1.000000
20  0.999818  0.999578  0.986937  0.976875  0.813254  0.054643  0.736367  0.105680  0.126300  0.774603  0.763261  0.967110  0.999828  1.000000  0.997047  0.999983  1.000000  1.000000  1.000000


Metric: DBI
--------------------
Pivot Table of P-Values:
          2         3         4         5         6         7         8         9         10        11        12        13        14        15        16        17        18        19        20
2   1.000000  0.999886  0.936795  0.183717  0.808160  0.626257  0.400076  0.343151  0.694208  0.937406  0.930610  0.959527  0.922406  0.967296  0.872206  0.867903  0.942992  0.966830  0.929288
3   0.999886  1.000000  1.000000  0.970586  0.999985  0.999692  0.996361  0.993717  0.999880  1.000000  1.000000  1.000000  1.000000  1.000000  0.999997  0.999997  1.000000  1.000000  1.000000
4   0.936795  1.000000  1.000000  0.999983  1.000000  1.000000  1.000000  1.000000  1.000000  1.000000  1.000000  1.000000  1.000000  1.000000  1.000000  1.000000  1.000000  1.000000  1.000000
5   0.183717  0.970586  0.999983  1.000000  1.000000  1.000000  1.000000  1.000000  1.000000  0.999983  0.999987  0.999944  0.999991  0.999909  0.999999  0.999999  0.999977  0.999912  0.999988
6   0.808160  0.999985  1.000000  1.000000  1.000000  1.000000  1.000000  1.000000  1.000000  1.000000  1.000000  1.000000  1.000000  1.000000  1.000000  1.000000  1.000000  1.000000  1.000000
7   0.626257  0.999692  1.000000  1.000000  1.000000  1.000000  1.000000  1.000000  1.000000  1.000000  1.000000  1.000000  1.000000  1.000000  1.000000  1.000000  1.000000  1.000000  1.000000
8   0.400076  0.996361  1.000000  1.000000  1.000000  1.000000  1.000000  1.000000  1.000000  1.000000  1.000000  1.000000  1.000000  0.999999  1.000000  1.000000  1.000000  0.999999  1.000000
9   0.343151  0.993717  1.000000  1.000000  1.000000  1.000000  1.000000  1.000000  1.000000  1.000000  1.000000  0.999998  1.000000  0.999997  1.000000  1.000000  0.999999  0.999997  1.000000
10  0.694208  0.999880  1.000000  1.000000  1.000000  1.000000  1.000000  1.000000  1.000000  1.000000  1.000000  1.000000  1.000000  1.000000  1.000000  1.000000  1.000000  1.000000  1.000000
11  0.937406  1.000000  1.000000  0.999983  1.000000  1.000000  1.000000  1.000000  1.000000  1.000000  1.000000  1.000000  1.000000  1.000000  1.000000  1.000000  1.000000  1.000000  1.000000
12  0.930610  1.000000  1.000000  0.999987  1.000000  1.000000  1.000000  1.000000  1.000000  1.000000  1.000000  1.000000  1.000000  1.000000  1.000000  1.000000  1.000000  1.000000  1.000000
13  0.959527  1.000000  1.000000  0.999944  1.000000  1.000000  1.000000  0.999998  1.000000  1.000000  1.000000  1.000000  1.000000  1.000000  1.000000  1.000000  1.000000  1.000000  1.000000
14  0.922406  1.000000  1.000000  0.999991  1.000000  1.000000  1.000000  1.000000  1.000000  1.000000  1.000000  1.000000  1.000000  1.000000  1.000000  1.000000  1.000000  1.000000  1.000000
15  0.967296  1.000000  1.000000  0.999909  1.000000  1.000000  0.999999  0.999997  1.000000  1.000000  1.000000  1.000000  1.000000  1.000000  1.000000  1.000000  1.000000  1.000000  1.000000
16  0.872206  0.999997  1.000000  0.999999  1.000000  1.000000  1.000000  1.000000  1.000000  1.000000  1.000000  1.000000  1.000000  1.000000  1.000000  1.000000  1.000000  1.000000  1.000000
17  0.867903  0.999997  1.000000  0.999999  1.000000  1.000000  1.000000  1.000000  1.000000  1.000000  1.000000  1.000000  1.000000  1.000000  1.000000  1.000000  1.000000  1.000000  1.000000
18  0.942992  1.000000  1.000000  0.999977  1.000000  1.000000  1.000000  0.999999  1.000000  1.000000  1.000000  1.000000  1.000000  1.000000  1.000000  1.000000  1.000000  1.000000  1.000000
19  0.966830  1.000000  1.000000  0.999912  1.000000  1.000000  0.999999  0.999997  1.000000  1.000000  1.000000  1.000000  1.000000  1.000000  1.000000  1.000000  1.000000  1.000000  1.000000
20  0.929288  1.000000  1.000000  0.999988  1.000000  1.000000  1.000000  1.000000  1.000000  1.000000  1.000000  1.000000  1.000000  1.000000  1.000000  1.000000  1.000000  1.000000  1.000000


Metric: silhouette_score
--------------------
Pivot Table of P-Values:
          2         3         4         5         6         7         8         9         10        11        12        13        14        15        16        17        18        19        20
2   1.000000  1.000000  0.999982  0.960824  0.994021  0.981571  0.941992  0.776349  0.975211  0.952912  0.978315  0.999923  0.991293  0.999990  0.999986  0.999923  1.000000  1.000000  1.000000
3   1.000000  1.000000  1.000000  0.998719  0.999949  0.999650  0.997468  0.971512  0.999418  0.998239  0.999538  1.000000  0.999903  1.000000  1.000000  1.000000  1.000000  1.000000  1.000000
4   0.999982  1.000000  1.000000  1.000000  1.000000  1.000000  0.999999  0.999828  1.000000  0.999999  1.000000  1.000000  1.000000  1.000000  1.000000  1.000000  1.000000  0.999998  1.000000
5   0.960824  0.998719  1.000000  1.000000  1.000000  1.000000  1.000000  1.000000  1.000000  1.000000  1.000000  1.000000  1.000000  0.999999  1.000000  1.000000  0.999896  0.983689  0.993998
6   0.994021  0.999949  1.000000  1.000000  1.000000  1.000000  1.000000  1.000000  1.000000  1.000000  1.000000  1.000000  1.000000  1.000000  1.000000  1.000000  0.999999  0.998247  0.999564
7   0.981571  0.999650  1.000000  1.000000  1.000000  1.000000  1.000000  1.000000  1.000000  1.000000  1.000000  1.000000  1.000000  1.000000  1.000000  1.000000  0.999981  0.993350  0.997912
8   0.941992  0.997468  0.999999  1.000000  1.000000  1.000000  1.000000  1.000000  1.000000  1.000000  1.000000  1.000000  1.000000  0.999997  0.999998  1.000000  0.999748  0.973920  0.989558
9   0.776349  0.971512  0.999828  1.000000  1.000000  1.000000  1.000000  1.000000  1.000000  1.000000  1.000000  0.999955  1.000000  0.999724  0.999785  0.999955  0.994044  0.865846  0.926419
10  0.975211  0.999418  1.000000  1.000000  1.000000  1.000000  1.000000  1.000000  1.000000  1.000000  1.000000  1.000000  1.000000  1.000000  1.000000  1.000000  0.999963  0.990543  0.996841
11  0.952912  0.998239  0.999999  1.000000  1.000000  1.000000  1.000000  1.000000  1.000000  1.000000  1.000000  1.000000  1.000000  0.999999  0.999999  1.000000  0.999843  0.979682  0.992224
12  0.978315  0.999538  1.000000  1.000000  1.000000  1.000000  1.000000  1.000000  1.000000  1.000000  1.000000  1.000000  1.000000  1.000000  1.000000  1.000000  0.999973  0.991933  0.997379
13  0.999923  1.000000  1.000000  1.000000  1.000000  1.000000  1.000000  0.999955  1.000000  1.000000  1.000000  1.000000  1.000000  1.000000  1.000000  1.000000  1.000000  0.999990  0.999999
14  0.991293  0.999903  1.000000  1.000000  1.000000  1.000000  1.000000  1.000000  1.000000  1.000000  1.000000  1.000000  1.000000  1.000000  1.000000  1.000000  0.999997  0.997265  0.999265
15  0.999990  1.000000  1.000000  0.999999  1.000000  1.000000  0.999997  0.999724  1.000000  0.999999  1.000000  1.000000  1.000000  1.000000  1.000000  1.000000  1.000000  0.999999  1.000000
16  0.999986  1.000000  1.000000  1.000000  1.000000  1.000000  0.999998  0.999785  1.000000  0.999999  1.000000  1.000000  1.000000  1.000000  1.000000  1.000000  1.000000  0.999999  1.000000
17  0.999923  1.000000  1.000000  1.000000  1.000000  1.000000  1.000000  0.999955  1.000000  1.000000  1.000000  1.000000  1.000000  1.000000  1.000000  1.000000  1.000000  0.999990  0.999999
18  1.000000  1.000000  1.000000  0.999896  0.999999  0.999981  0.999748  0.994044  0.999963  0.999843  0.999973  1.000000  0.999997  1.000000  1.000000  1.000000  1.000000  1.000000  1.000000
19  1.000000  1.000000  0.999998  0.983689  0.998247  0.993350  0.973920  0.865846  0.990543  0.979682  0.991933  0.999990  0.997265  0.999999  0.999999  0.999990  1.000000  1.000000  1.000000
20  1.000000  1.000000  1.000000  0.993998  0.999564  0.997912  0.989558  0.926419  0.996841  0.992224  0.997379  0.999999  0.999265  1.000000  1.000000  0.999999  1.000000  1.000000  1.000000


Metric: calinski_harabasz_score
--------------------
Pivot Table of P-Values:
              2             3         4         5         6         7         8         9         10        11        12        13        14        15        16        17            18            19            20
2   1.000000e+00  1.000000e+00  1.000000  1.000000  0.999997  0.997709  0.999049  0.971925  0.621957  0.507886  0.211177  0.022164  0.018912  0.000980  0.000362  0.000076  4.666781e-06  7.987770e-07  1.640563e-07
3   1.000000e+00  1.000000e+00  1.000000  0.999985  0.999179  0.956605  0.974610  0.808160  0.265426  0.183153  0.045435  0.002120  0.001730  0.000045  0.000014  0.000002  8.600134e-08  1.149376e-08  1.918653e-09
4   1.000000e+00  1.000000e+00  1.000000  1.000000  1.000000  0.999674  0.999892  0.992422  0.778435  0.680008  0.354023  0.054188  0.047227  0.003408  0.001380  0.000331  2.499231e-05  4.811937e-06  1.090605e-06
5   1.000000e+00  9.999854e-01  1.000000  1.000000  1.000000  0.999999  1.000000  0.999884  0.966074  0.933517  0.726848  0.245413  0.224053  0.033703  0.016783  0.005418  6.519285e-04  1.634506e-04  4.620102e-05
6   9.999965e-01  9.991791e-01  1.000000  1.000000  1.000000  1.000000  1.000000  0.999999  0.996566  0.990677  0.918052  0.514994  0.486157  0.126954  0.074166  0.030129  5.220096e-03  1.608598e-03  5.402842e-04
7   9.977093e-01  9.566050e-01  0.999674  0.999999  1.000000  1.000000  1.000000  1.000000  0.999993  0.999952  0.997288  0.899336  0.884798  0.505665  0.379079  0.222458  6.990284e-02  3.026810e-02  1.352137e-02
8   9.990485e-01  9.746098e-01  0.999892  1.000000  1.000000  1.000000  1.000000  1.000000  0.999970  0.999844  0.994135  0.853075  0.834615  0.422291  0.303442  0.167037  4.722723e-02  1.924070e-02  8.165790e-03
9   9.719252e-01  8.081600e-01  0.992422  0.999884  0.999999  1.000000  1.000000  1.000000  1.000000  1.000000  0.999929  0.984161  0.980492  0.789727  0.680008  0.496790  2.275870e-01  1.230652e-01  6.636710e-02
10  6.219566e-01  2.654263e-01  0.778435  0.966074  0.996566  0.999993  0.999970  1.000000  1.000000  1.000000  1.000000  0.999978  0.999965  0.993300  0.981571  0.939805  7.703828e-01  6.150509e-01  4.693768e-01
11  5.078857e-01  1.831535e-01  0.680008  0.933517  0.990677  0.999952  0.999844  1.000000  1.000000  1.000000  1.000000  0.999997  0.999995  0.997659  0.992422  0.969811  8.519782e-01  7.218380e-01  5.840868e-01
12  2.111767e-01  4.543485e-02  0.354023  0.726848  0.918052  0.997288  0.994135  0.999929  1.000000  1.000000  1.000000  1.000000  1.000000  0.999962  0.999768  0.998047  9.759457e-01  9.314265e-01  8.614071e-01
13  2.216404e-02  2.120490e-03  0.054188  0.245413  0.514994  0.899336  0.853075  0.984161  0.999978  0.999997  1.000000  1.000000  1.000000  1.000000  1.000000  0.999999  9.998401e-01  9.987432e-01  9.947993e-01
14  1.891151e-02  1.730087e-03  0.047227  0.224053  0.486157  0.884798  0.834615  0.980492  0.999965  0.999995  1.000000  1.000000  1.000000  1.000000  1.000000  0.999999  9.998919e-01  9.990805e-01  9.959861e-01
15  9.804797e-04  4.476034e-05  0.003408  0.033703  0.126954  0.505665  0.422291  0.789727  0.993300  0.997659  0.999962  1.000000  1.000000  1.000000  1.000000  1.000000  1.000000e+00  9.999991e-01  9.999862e-01
16  3.619909e-04  1.361625e-05  0.001380  0.016783  0.074166  0.379079  0.303442  0.680008  0.981571  0.992422  0.999768  1.000000  1.000000  1.000000  1.000000  1.000000  1.000000e+00  1.000000e+00  9.999987e-01
17  7.618284e-05  2.173117e-06  0.000331  0.005418  0.030129  0.222458  0.167037  0.496790  0.939805  0.969811  0.998047  0.999999  0.999999  1.000000  1.000000  1.000000  1.000000e+00  1.000000e+00  1.000000e+00
18  4.666781e-06  8.600134e-08  0.000025  0.000652  0.005220  0.069903  0.047227  0.227587  0.770383  0.851978  0.975946  0.999840  0.999892  1.000000  1.000000  1.000000  1.000000e+00  1.000000e+00  1.000000e+00
19  7.987770e-07  1.149376e-08  0.000005  0.000163  0.001609  0.030268  0.019241  0.123065  0.615051  0.721838  0.931427  0.998743  0.999081  0.999999  1.000000  1.000000  1.000000e+00  1.000000e+00  1.000000e+00
20  1.640563e-07  1.918653e-09  0.000001  0.000046  0.000540  0.013521  0.008166  0.066367  0.469377  0.584087  0.861407  0.994799  0.995986  0.999986  0.999999  1.000000  1.000000e+00  1.000000e+00  1.000000e+00


Metric: Time
--------------------
Pivot Table of P-Values:
              2         3         4             5             6         7         8         9         10        11        12        13        14            15            16            17            18        19        20
2   1.000000e+00  0.997084  0.748696  1.000000e+00  1.000000e+00  0.999997  0.999949  0.988207  0.893014  0.524326  0.050130  0.007296  0.000611  1.282963e-04  2.410097e-06  6.559963e-07  2.621918e-07  0.074603  0.060833
3   9.970840e-01  1.000000  1.000000  8.912232e-01  9.903729e-01  1.000000  1.000000  1.000000  1.000000  0.999975  0.963421  0.797741  0.468056  2.888773e-01  5.790953e-02  3.125900e-02  1.981659e-02  0.979363  0.971925
4   7.486961e-01  1.000000  1.000000  2.584260e-01  6.249684e-01  0.999058  0.999891  1.000000  1.000000  1.000000  0.999984  0.998428  0.969811  9.092292e-01  5.832083e-01  4.579481e-01  3.757560e-01  0.999996  0.999992
5   1.000000e+00  0.891223  0.258426  1.000000e+00  1.000000e+00  0.996678  0.985604  0.788036  0.451816  0.111921  0.002298  0.000158  0.000006  8.809959e-07  6.996173e-09  1.485537e-09  5.022178e-10  0.004129  0.003051
6   1.000000e+00  0.990373  0.624968  1.000000e+00  1.000000e+00  0.999971  0.999674  0.969020  0.809760  0.390370  0.025161  0.003005  0.000207  3.910048e-05  5.858300e-07  1.493965e-07  5.714629e-08  0.039336  0.031259
7   9.999972e-01  1.000000  0.999058  9.966781e-01  9.999712e-01  1.000000  1.000000  1.000000  0.999938  0.991005  0.660161  0.321460  0.093985  3.864491e-02  3.115629e-03  1.289694e-03  6.835967e-04  0.737876  0.698220
8   9.999486e-01  1.000000  0.999891  9.856041e-01  9.996742e-01  1.000000  1.000000  1.000000  0.999996  0.998157  0.807196  0.487042  0.183154  8.669873e-02  9.528961e-03  4.314206e-03  2.428964e-03  0.864029  0.835790
9   9.882074e-01  1.000000  1.000000  7.880364e-01  9.690201e-01  1.000000  1.000000  1.000000  1.000000  0.999999  0.988167  0.897618  0.628831  4.369944e-01  1.163676e-01  6.838923e-02  4.592707e-02  0.994180  0.991480
10  8.930137e-01  1.000000  1.000000  4.518155e-01  8.097603e-01  0.999938  0.999996  1.000000  1.000000  1.000000  0.999660  0.989034  0.899336  7.763491e-01  3.720306e-01  2.633155e-01  2.008548e-01  0.999890  0.999798
11  5.243264e-01  0.999975  1.000000  1.119210e-01  3.903700e-01  0.991005  0.998157  0.999999  1.000000  1.000000  1.000000  0.999912  0.995097  9.775700e-01  7.954210e-01  6.905800e-01  6.098526e-01  1.000000  1.000000
12  5.013041e-02  0.963421  0.999984  2.298120e-03  2.516142e-02  0.660161  0.807196  0.988167  0.999660  1.000000  1.000000  1.000000  1.000000  9.999927e-01  9.978366e-01  9.931468e-01  9.864442e-01  1.000000  1.000000
13  7.295640e-03  0.797741  0.998428  1.575072e-04  3.005171e-03  0.321460  0.487042  0.897618  0.989034  0.999912  1.000000  1.000000  1.000000  1.000000e+00  9.999735e-01  9.998373e-01  9.995252e-01  1.000000  1.000000
14  6.111346e-04  0.468056  0.969811  6.247109e-06  2.067957e-04  0.093985  0.183154  0.628831  0.899336  0.995097  1.000000  1.000000  1.000000  1.000000e+00  1.000000e+00  9.999996e-01  9.999979e-01  0.999999  1.000000
15  1.282963e-04  0.288877  0.909229  8.809959e-07  3.910048e-05  0.038645  0.086699  0.436994  0.776349  0.977570  0.999993  1.000000  1.000000  1.000000e+00  1.000000e+00  1.000000e+00  1.000000e+00  0.999970  0.999985
16  2.410097e-06  0.057910  0.583208  6.996173e-09  5.858300e-07  0.003116  0.009529  0.116368  0.372031  0.795421  0.997837  0.999973  1.000000  1.000000e+00  1.000000e+00  1.000000e+00  1.000000e+00  0.995116  0.996774
17  6.559963e-07  0.031259  0.457948  1.485537e-09  1.493965e-07  0.001290  0.004314  0.068389  0.263315  0.690580  0.993147  0.999837  1.000000  1.000000e+00  1.000000e+00  1.000000e+00  1.000000e+00  0.986307  0.990373
18  2.621918e-07  0.019817  0.375756  5.022178e-10  5.714629e-08  0.000684  0.002429  0.045927  0.200855  0.609853  0.986444  0.999525  0.999998  1.000000e+00  1.000000e+00  1.000000e+00  1.000000e+00  0.974837  0.981630
19  7.460328e-02  0.979363  0.999996  4.129282e-03  3.933565e-02  0.737876  0.864029  0.994180  0.999890  1.000000  1.000000  1.000000  0.999999  9.999696e-01  9.951162e-01  9.863070e-01  9.748365e-01  1.000000  1.000000
20  6.083335e-02  0.971925  0.999992  3.050754e-03  3.125900e-02  0.698220  0.835790  0.991480  0.999798  1.000000  1.000000  1.000000  1.000000  9.999853e-01  9.967738e-01  9.903729e-01  9.816296e-01  1.000000  1.000000

